#_______________________________________________________________________________
#    ######   ####     ##             #####   #####     ##    #    #    ##
#    #       #        #  #            #    #  #    #   #  #   ##  ##   #  #
#    #####    ####   ######           #    #  #####   ######  # ## #  ######
#    #            #  #    #           #    #  #    #  #    #  #    #  #    #
#____######__#####___#____#___________#####___#____#__#____#__#____#__#____#____
#
#              ESA Debris Risk Assessment and Mitigation Analysis
#
#                         ---- DRAMA ( SESAM r2.3.0 ) ----
#                                      ESA 2018
#
#                         final state of uncritical objects
#-------------------------------------------------------------------------------
# Filename      : uncriticalData.txt
# RunID         : PySara
# Content       : This file lists the uncritical objects (kin. energy < 15 J),
#                 computed by the DRAMA 3 Re-entry Analysis.
# Documentation : DRAMA Software User Manual, section OPERATIONS MANUAL / Normal operation / SARA / SARA Simulation Output / Re-entry simulation output
#
#--------------------------------------------------------------------------------------------------------------------------------------------------------------------------------------------
#  Time [s]  Altitude [km]  Lat [deg]  Lon [deg]  Velocity [km/s]   Downrange [km]       Drag       Lift       Side    Knudsen       Mach                UniqueID                  Name
#--------------------------------------------------------------------------------------------------------------------------------------------------------------------------------------------
   412.100          74.272    -42.131   -112.786            6.709         3270.300      1.204      0.000      0.000    0.00549   21.51126  c819661c-34ef-46e7-b1eb-890ade42e3af  PCU
   399.890          75.237    -41.302   -112.540            6.379         3175.816      1.041      0.000      0.000    0.00546   20.64422  c0ddc3c0-47ce-435f-9deb-b33486eaf601  BCU
   431.300          72.412    -43.345   -113.155            5.697         3408.719      1.004      0.000      0.000    0.00253   18.16051  1f19522d-2f3c-43e6-a00c-b01d1ab94228  PPDU
  2301.803           0.439    -48.909   -115.018            0.009         4044.581      0.493      0.000      0.000    0.00000    0.02351  af198f6d-3064-4af9-b015-299d247ceb1c  Batt1
  2301.803           0.439    -48.909   -115.018            0.009         4044.581      0.493      0.000      0.000    0.00000    0.02351  d16b1e16-5604-4ba9-b689-56da46d221ab  Batt2
   411.100          74.341    -42.063   -112.765            6.953         3262.495      1.229      0.000      0.000    0.00487   22.21745  a68c82cf-50d9-4d72-b8e8-fb77b034ddcc  Decoder
   448.100          70.918    -44.477   -113.510            6.075         3537.946      1.154      0.000      0.000    0.00209   19.16829  56f33935-71e7-4b62-bc25-5f086ef8f008  CTU
   431.100          72.579    -43.376   -113.165            6.521         3412.307      1.265      0.000      0.000    0.00291   20.71731  e603a0ac-b50a-49ba-94e7-c8487de979d7  RTU
   407.300          74.633    -41.798   -112.686            5.827         3232.328      0.976      0.000      0.000    0.00570   18.94913  0e801314-4be9-4a8e-8863-be55cd8972a8  MBU
   420.100          73.597    -42.664   -112.946            6.752         3331.066      1.111      0.000      0.000    0.00526   21.54648  9da080c0-a677-4e48-9413-7396776e2156  X-PND1
   425.231          73.186    -43.014   -113.053            6.023         3371.035      1.242      0.000      0.000    0.00485   19.38621  c287fba3-8bbe-4179-bca3-e0297868e371  TRU1
   420.100          73.597    -42.664   -112.946            6.752         3331.066      1.111      0.000      0.000    0.00526   21.54648  937ad039-148d-4738-aeef-7ba048002fe8  X-PND2
   425.231          73.186    -43.014   -113.053            6.023         3371.035      1.242      0.000      0.000    0.00485   19.38621  197bea65-bd7c-4823-addb-ea50438d3765  TRU2
   418.100          73.871    -42.574   -112.919            7.406         3320.771      0.915      0.000      0.000    0.00232   23.56652  b9715501-449b-451c-a5a4-f4d9347e2f59  MTR1
   418.100          73.871    -42.574   -112.919            7.406         3320.771      0.915      0.000      0.000    0.00232   23.56652  84879cea-7d5c-4089-841e-3521c24c746a  MTR2
   418.100          73.871    -42.574   -112.919            7.406         3320.771      0.915      0.000      0.000    0.00232   23.56652  e7d005bd-2d30-4a52-9e61-1e8b09175adb  MTR3
   403.100          74.987    -41.525   -112.606            6.927         3201.218      1.004      0.000      0.000    0.00578   22.22113  0f2288de-76e2-422f-8b97-5b27ae9b0726  MRU
   424.100          73.192    -42.907   -113.020            6.372         3358.784      1.065      0.000      0.000    0.00427   20.35136  c190928b-6fde-4737-b38b-d6640dd3ce29  ACC
   428.300          72.714    -43.154   -113.096            5.584         3386.970      1.001      0.000      0.000    0.00280   17.89459  5bc781a5-30a8-496a-8919-d3a3bbe9e65a  PDU
   403.100          74.973    -41.516   -112.603            6.703         3200.173      0.928      0.000      0.000    0.00601   21.54851  8dd6e192-40c1-4d95-82a7-e0edd97e769a  Gyro2
   403.100          74.973    -41.516   -112.603            6.703         3200.173      0.928      0.000      0.000    0.00601   21.54851  bb912958-2642-4cbc-b737-06295400219b  Gyro1
  1449.205           6.990    -46.099   -114.035            0.014         3723.121      0.535      0.000      0.000    0.00000    0.04277  318234c8-2183-4007-81bb-1283b9ac978d  RWL1
  1449.205           6.990    -46.099   -114.035            0.014         3723.121      0.535      0.000      0.000    0.00000    0.04277  a40b1f77-c92a-4243-81e3-b466a50bfde1  RWL2
  1449.205           6.990    -46.099   -114.035            0.014         3723.121      0.535      0.000      0.000    0.00000    0.04277  119d8c8d-71bc-47b0-a9bd-51a2b6addec4  RWL3
   411.100          74.316    -42.052   -112.762            6.843         3261.315      1.097      0.000      0.000    0.00552   21.87467  73aad817-0c8f-4729-8cfc-bdb457fa3af1  RWE1
   411.100          74.316    -42.052   -112.762            6.843         3261.315      1.097      0.000      0.000    0.00552   21.87467  cbd88e14-9f02-4477-ba19-2ae766ccf9c2  RWE2
   412.100          74.248    -42.124   -112.783            6.569         3269.448      1.136      0.000      0.000    0.00644   21.09926  f846371b-1403-415a-b518-e78f9a87d5e8  STRE1
   412.100          74.248    -42.124   -112.783            6.569         3269.448      1.136      0.000      0.000    0.00644   21.09926  019e359a-7b6d-4e88-ae45-6c0cb1b9f231  STRE2
   412.100          74.248    -42.124   -112.783            6.569         3269.448      1.136      0.000      0.000    0.00644   21.09926  1c53a534-00ac-486c-b9b2-0e0baa3dd619  STRE3
   420.300          73.562    -42.677   -112.950            6.440         3332.583      1.136      0.000      0.000    0.00626   20.62868  cf475c8e-4dd9-43c4-93e1-443e41ca045a  STR1
   420.300          73.562    -42.677   -112.950            6.440         3332.583      1.136      0.000      0.000    0.00626   20.62868  b96f24b8-3482-41b4-8ff7-10c9d0096fe0  STR2
   420.300          73.562    -42.677   -112.950            6.440         3332.583      1.136      0.000      0.000    0.00626   20.62868  d97c8a48-c211-4c49-8222-dd2e42cdea91  STR3
   400.100          75.221    -41.323   -112.546            7.009         3178.198      0.910      0.000      0.000    0.01153   22.48905  59d481ee-9a4a-46ff-a838-aae6a28c6260  Thrsts01
   400.100          75.221    -41.323   -112.546            7.009         3178.198      0.910      0.000      0.000    0.01153   22.48905  620e19a4-466b-4bba-a398-8f525affac3d  Thrsts02
   400.100          75.221    -41.323   -112.546            7.009         3178.198      0.910      0.000      0.000    0.01153   22.48905  c416fe56-926f-46db-b927-4be42a4d9065  Thrsts03
   400.100          75.221    -41.323   -112.546            7.009         3178.198      0.910      0.000      0.000    0.01153   22.48905  aeb11028-b76a-43cd-a9d4-ee683f1705fa  Thrsts04
   400.100          75.221    -41.323   -112.546            7.009         3178.198      0.910      0.000      0.000    0.01153   22.48905  6667d821-b59b-4463-ac0a-bbbe54856cd6  Thrsts05
   400.100          75.221    -41.323   -112.546            7.009         3178.198      0.910      0.000      0.000    0.01153   22.48905  abab9127-0b6e-4497-9b6b-b68ba946f31a  Thrsts06
   400.100          75.221    -41.323   -112.546            7.009         3178.198      0.910      0.000      0.000    0.01153   22.48905  665b0c33-d97a-48c7-94c9-0244f53f9b66  Thrsts07
   400.100          75.221    -41.323   -112.546            7.009         3178.198      0.910      0.000      0.000    0.01153   22.48905  7ecbb7cf-716a-48b1-9a41-06240e41c6b3  Thrsts08
   400.100          75.221    -41.323   -112.546            7.009         3178.198      0.910      0.000      0.000    0.01153   22.48905  64430daf-7a7f-4d86-a819-ffba0dc23fb2  Thrsts09
   400.100          75.221    -41.323   -112.546            7.009         3178.198      0.910      0.000      0.000    0.01153   22.48905  6e3d1bbb-13e9-4442-964d-844681a58ed3  Thrsts10
   400.100          75.221    -41.323   -112.546            7.009         3178.198      0.910      0.000      0.000    0.01153   22.48905  154facb8-7f48-4d67-90e6-840ed3871701  Thrsts11
   400.100          75.221    -41.323   -112.546            7.009         3178.198      0.910      0.000      0.000    0.01153   22.48905  4461046c-8760-4cb2-890e-6f23af75245d  Thrsts12
   453.100          70.435    -44.801   -113.614            5.661         3574.940      1.136      0.000      0.000    0.00197   17.90344  59021d81-e300-48fb-805b-990b78d5406e  PLE2
   443.100          71.402    -44.144   -113.405            5.776         3499.912      1.136      0.000      0.000    0.00226   18.37501  fb72a6d7-379b-4d67-912e-df10bf793b11  PLE1
   414.100          74.056    -42.246   -112.820            6.626         3283.407      1.051      0.000      0.000    0.00491   21.20028  6eeaa09a-906e-4f96-a8c8-21bf581813b5  PLE3
   416.765          73.911    -42.450   -112.882            6.426         3306.674      0.900      0.000      0.000    0.00445   20.65716  c5961bc0-58db-4518-85cb-9d7fef46573c  PL4a1
   416.765          73.911    -42.450   -112.882            6.426         3306.674      0.900      0.000      0.000    0.00445   20.65716  472587ed-e637-49d6-9630-2ab84943f807  PL4a2
   416.765          73.911    -42.450   -112.882            6.426         3306.674      0.900      0.000      0.000    0.00445   20.65716  d0247ab6-f3f0-4a2e-88f3-b40a9f9c2f8b  PL4a3
   416.765          73.911    -42.450   -112.882            6.426         3306.674      0.900      0.000      0.000    0.00445   20.65716  d7860001-2d1f-4f10-9b6b-132541453973  PL4a4
   405.164          74.821    -41.671   -112.649            6.486         3217.806      0.898      0.000      0.000    0.00791   20.95006  bee5e541-a026-4d56-9efc-2d0ff76a9365  PL4b1
   405.164          74.821    -41.671   -112.649            6.486         3217.806      0.898      0.000      0.000    0.00791   20.95006  63bdbfe0-5407-438d-b310-a798cd3ae679  PL4b2
   405.164          74.821    -41.671   -112.649            6.486         3217.806      0.898      0.000      0.000    0.00791   20.95006  b78c86b8-baea-46f4-bff5-e29a3c50d235  PL4b3
   407.100          74.666    -41.798   -112.687            6.917         3232.359      0.898      0.000      0.000    0.00774   22.18737  6a53677c-cbe4-409e-a37a-d7b94566fcde  PL4b4
   453.100          70.435    -44.801   -113.614            5.661         3574.940      1.136      0.000      0.000    0.00197   17.90344  f29cdd37-5183-4cf7-91b5-574dc6133dbb  PLE3a
   383.100          76.535    -40.179   -112.215            7.046         3047.809      0.910      0.000      0.000    0.00646   22.75384  e97e0bad-27a1-41c8-9d5a-9b47ac34faa9  PLE3c
   420.100          73.542    -42.644   -112.940            6.512         3328.739      1.095      0.000      0.000    0.00364   20.80266  56f0d198-bc1f-47a6-b695-7e804d590123  PLE3b
